Documento de pruebas
El tiempo que se en seleccion fue de: 0.000000 
Los datos organizados por el algoritmo son: 41 153 288 292 491 778 1842 1869 2082 2995 3035 3548 3902 4664 4827 4966 5436 5447 5537 5705 6334 6729 6868 7376 7711 8723 8942 9040 9741 9894 9961 11323 11478 11538 11840 11942 12316 12382 12623 12859 13931 14604 14771 15006 15141 15350 15724 15890 16118 16827 16944 17035 17421 17673 18467 18716 18756 19169 19264 19629 19718 19895 19912 19954 20037 21538 21726 22190 22648 22929 23281 23805 23811 24084 24370 24393 24464 24626 25547 25667 26299 26308 26500 26962 27446 27529 27644 28145 28253 28703 29358 30106 30333 31101 31322 32391 32439 32662 32757 16541 

El tiempo que se tomo en sort fue de: 0.000000 
Los datos organizados por el algoritmo son: 53 467 900 1150 1655 1999 2306 2421 3430 3602 3728 3788 4031 4041 4596 4639 4734 4833 5021 5097 5829 6270 6359 6422 6483 6617 6900 8281 8909 9161 9374 9514 9758 9930 10291 10383 11020 11337 12052 12287 13030 13290 13966 13977 14310 14893 14945 15457 15573 15574 16413 16512 16941 17410 17807 18007 18127 18588 18636 18762 19072 19668 20537 21548 21724 22355 22386 22483 22704 22813 23199 23655 23986 24021 24221 24350 24484 24648 24767 24946 26418 26777 26924 27348 27350 27506 27595 27624 27753 27938 28745 29168 29658 30191 30836 31107 31115 31673 32209 32591 

El tiempo que se tomo en el mejorado fue de: 0.000000 
Los datos organizados por el algoritmo son: 1416 1587 2154 2510 2600 2634 3093 3195 3557 4169 4886 5002 5075 5249 5699 5844 6038 6191 6224 6618 7448 7616 7958 9503 9789 9832 10021 10285 10322 10585 10712 11008 11511 12292 13401 13458 14309 14343 14688 14798 14989 15255 15281 16202 16423 16519 17451 17861 18190 18538 18651 18875 18935 19156 19589 19796 19815 20055 20142 20328 20472 20485 20580 20600 20798 21003 21881 22646 22798 22888 23622 23757 23844 24179 24182 24272 24389 25200 25721 26362 26869 27088 27157 27892 28009 28433 28476 28617 29314 29657 29869 30303 30523 30932 31426 31556 31998 32609 32702 17189 

El tiempo que se tomo en merge fue de: 0.000000 
Los datos organizados por el algoritmo son: 193 481 912 1832 2161 2168 2368 3297 3434 3625 3753 4144 4313 4313 4414 4474 4745 5535 5786 7129 7391 7441 7487 7518 8177 8313 9314 9512 9905 10202 10466 10555 10808 11173 11701 11833 12044 12263 12423 12455 12529 12949 13186 14018 16105 16139 16279 16282 16549 16687 17253 17437 17958 18060 18114 18787 19558 19866 19976 20024 20053 20159 20222 20416 20450 20649 20671 20945 21425 21659 21718 22549 23195 23196 23646 24355 24372 24488 25734 25824 25874 25996 26154 26292 26439 26477 27756 27982 28022 28070 28286 28297 28321 28692 29334 29510 30145 31185 31316 31329 
Documento de pruebas
El tiempo que se en seleccion fue de: 0.000000 
Los datos organizados por el algoritmo son: 41 153 288 292 491 778 1842 1869 2082 2995 3035 3548 3902 4664 4827 4966 5436 5447 5537 5705 6334 6729 6868 7376 7711 8723 8942 9040 9741 9894 9961 11323 11478 11538 11840 11942 12316 12382 12623 12859 13931 14604 14771 15006 15141 15350 15724 15890 16118 16827 16944 17035 17421 17673 18467 18716 18756 19169 19264 19629 19718 19895 19912 19954 20037 21538 21726 22190 22648 22929 23281 23805 23811 24084 24370 24393 24464 24626 25547 25667 26299 26308 26500 26962 27446 27529 27644 28145 28253 28703 29358 30106 30333 31101 31322 32391 32439 32662 32757 16541 
